gg.clearResults()
v1=x.s1(base+0x400000,0x20000,{0,1,1,1,1,1,1,1,1,1,1,1,1,1,1,1,1,1,1,1,1,1,1,1,1,1,1,1,1,1,1,1,1,1,1,1,1,1,1,1,1,1,1,1,1,1,1,1,1,0})
gg.clearResults()
if #v1 <= 47 then
  v1=x.s1(base+0x400000,0x20000,{0,1,1,1,1,1,1,1,1,1,1,1,1,1,1,1,1,1,1,1,1,1,1,1,1,1,1,1,1,1,1,1,1,1,1,1,1,1,1,1,1,1,1,1,1,1,1,1,1,1,1,0})
  gg.clearResults()
  if #v1 <= 49 then
    v1=x.s1(base+0x400000,0x20000,{0,1,1,1,1,1,1,1,1,1,1,1,1,1,1,1,1,1,1,1,1,1,1,1,1,1,1,1,1,1,1,1,1,1,1,1,1,1,1,1,1,1,1,1,1,1,1,1,1,1,1,1,1,0})
    gg.clearResults()
    if #v1 <= 51 then
      v1=x.s1(base+0x400000,0x20000,{0,1,1,1,1,1,1,1,1,1,1,1,1,1,1,1,1,1,1,1,1,1,1,1,1,1,1,1,1,1,1,1,1,1,1,1,1,1,1,1,1,1,1,1,1,1,1,1,1,1,1,1,1,1,1,0})
      gg.clearResults()
      if #v1 <= 53 then
        x.r('ms4','b[8]_v1')
      end
    end
  end
end
v999=v1
v1=nil
return v999
